112
112
113
112
112
113
113
114
114
114
113
114
115
115
115
114
116
116
117
117
118
118
117
117
119
119
119
119
119
118
118
118
118
118
119
119
119
118
119
122
115
123
142
119
118
115
116
113
115
125
122
117
115
119
120
99
72
88
92
90
90
90
91
90
86
85
85
84
84
84
84
86
90
90
90
88
85
83
83
86
101
100
99
100
102
105
105
104
109
109
110
110
111
111
111
112
107
115
116
92
57
45
45
40
36
42
73
186
234
223
184
150
120
115
106
87
77
75
77
86
97
89
80
71
64
63
64
65
68
60
54
55
53
51
49
48
46
57
74
97
123
152
177
190
208
209
208
205
203
201
200
201
202
204
202
201
201
201
201
204
196
197
198
197
197
199
202
203
205
202
194
193
173
141
87
69
63
59
57
58
58
55
48
46
51
64
63
141
254
255
240
229
131
146
194
61
60
49
52
51
54
57
55
46
38
40
40
40
41
41
41
42
43
44
44
45
42
46
45
48
79
107
105
99
102
106
109
105
103
110
117
117
120
124
124
124
128
134
135
134
146
146
143
137
130
126
125
127
111
97
110
170
219
251
255
241
173
159
157
165
168
164
164
167
167
166
164
163
163
164
166
168
172
172
174
176
176
177
181
183
178
182
184
182
185
188
190
191
191
192
195
197
198
200
201
203
201
204
208
210
213
214
216
217
218
221
224
227
228
229
231
233
230
230
231
231
232
234
235
235
231
231
232
232
232
232
234
234
231
231
231
233
231
230
231
232
234
231
231
231
227
227
225
224
228
232
232
236
244
241
236
240
233
238
238
240
246
248
249
250
246
252
255
255
255
255
253
252
255
253
250
253
255
253
254
249
251
252
252
