118
118
118
118
118
118
118
119
119
119
119
119
119
120
121
121
123
123
123
123
124
124
125
125
125
124
124
124
125
126
126
126
126
125
125
125
125
126
125
127
124
126
143
126
122
126
123
124
120
120
114
118
119
124
128
111
113
138
147
145
145
148
151
152
151
151
150
150
150
151
152
153
156
156
156
157
157
157
157
156
159
159
159
159
159
158
157
156
155
155
151
149
146
145
145
145
143
142
140
139
142
136
108
73
60
54
50
48
49
57
62
60
60
60
60
58
56
54
52
50
52
53
54
54
55
57
58
59
57
52
49
48
51
52
51
49
42
38
39
43
45
43
39
33
35
40
49
163
251
198
140
51
29
19
16
21
26
27
21
16
27
23
25
31
156
255
255
209
154
73
158
104
21
45
38
32
35
37
35
24
19
22
21
28
28
116
246
255
255
203
159
124
184
89
41
49
47
47
48
47
48
50
50
43
45
51
46
41
43
42
42
42
43
43
44
45
45
45
45
45
45
46
46
46
47
47
48
48
49
49
50
50
50
51
52
51
51
49
49
49
48
49
50
50
51
51
51
51
50
48
46
44
46
48
46
46
49
45
47
55
59
58
56
60
63
54
61
41
42
39
58
228
255
248
255
253
250
219
175
141
56
28
25
26
24
24
18
16
18
17
18
18
17
18
18
16
17
17
16
16
16
16
16
15
15
14
14
14
13
12
12
13
12
12
12
13
13
12
12
12
11
26
40
51
52
46
45
40
43
40
39
39
38
40
43
42
47
49
38
156
252
253
255
255
255
254
255
240
224
171
136
118
35
27
28
20
17
19
17
16
16
16
16
17
16
13
12
13
13
13
12
13
13
13
13
13
14
13
12
